
ZAI = [
666
0
];

NAMES = [
'lost            '
'total           '
];

iLOST    = 1;
iTOT     = 2;

MAT_fuel_VOLUME = [ 5.23600E+02 ];

MAT_fuel_BURNUP = [ 0.00000E+00 ];

MAT_fuel_ADENS = [
0.00000E+00 % lost data
5.33497E-02 % total
];

MAT_fuel_MDENS = [
0.00000E+00 % lost data
1.60000E+01 % total
];

MAT_fuel_A = [
0.00000E+00 % lost data
1.21685E+14 % total
];

MAT_fuel_H = [
0.00000E+00 % lost data
1.73020E+01 % total
];

MAT_fuel_SF = [
0.00000E+00 % lost data
2.11566E+05 % total
];

MAT_fuel_GSRC = [
0.00000E+00 % lost data
1.13078E+12 % total
];

MAT_fuel_ING_TOX = [
0.00000E+00 % lost data
5.58836E+06 % total
];

MAT_fuel_INH_TOX = [
0.00000E+00 % lost data
2.68178E+09 % total
];

TOT_VOLUME = [ 5.23600E+02 ];

TOT_BURNUP = [ 0.00000E+00 ];

TOT_ADENS = [
0.00000E+00 % lost data
5.33497E-02 % total
];

TOT_MASS = [
0.00000E+00 % lost data
8.37760E+03 % total
];

TOT_A = [
0.00000E+00 % lost data
1.21685E+14 % total
];

TOT_H = [
0.00000E+00 % lost data
1.73020E+01 % total
];

TOT_SF = [
0.00000E+00 % lost data
2.11566E+05 % total
];

TOT_GSRC = [
0.00000E+00 % lost data
1.13078E+12 % total
];

TOT_ING_TOX = [
0.00000E+00 % lost data
5.58836E+06 % total
];

TOT_INH_TOX = [
0.00000E+00 % lost data
2.68178E+09 % total
];

BU = [ 0.00000E+00 ];

DAYS = [ 0.00000E+00 ];
